    250000            5.397940            0.001000          500.000000
   1500000            6.176091            0.001000          500.000000
  15000000            7.176091            0.005000          166.666667
    500000            5.698970            0.001000          500.000000
   3000000            6.477121            0.002000          333.333333
  30000000            7.477121            0.010000           90.909091
   2500000            6.397940            0.003000          250.000000
  15000000            7.176091            0.007000          125.000000
 150000000            8.176091            0.044000           22.222222
   5000000            6.698970            0.005000          166.666667
  30000000            7.477121            0.012000           76.923077
 300000000            8.477121            0.088000           11.235955
