    250000            5.397940            0.001000          500.000000
   1500000            6.176091            0.001000          500.000000
  15000000            7.176091            0.004000          200.000000
    500000            5.698970            0.000000         1000.000000
   3000000            6.477121            0.002000          333.333333
  30000000            7.477121            0.006000          142.857143
   2500000            6.397940            0.004000          200.000000
  15000000            7.176091            0.006000          142.857143
 150000000            8.176091            0.030000           32.258065
   5000000            6.698970            0.007000          125.000000
  30000000            7.477121            0.010000           90.909091
 300000000            8.477121            0.058000           16.949153
