    250000            5.397940            0.000000         1000.000000
   1500000            6.176091            0.001000          500.000000
  15000000            7.176091            0.008000          111.111111
    500000            5.698970            0.000000         1000.000000
   3000000            6.477121            0.002000          333.333333
  30000000            7.477121            0.013000           71.428571
   2500000            6.397940            0.002000          333.333333
  15000000            7.176091            0.008000          111.111111
 150000000            8.176091            0.070000           14.084507
   5000000            6.698970            0.003000          250.000000
  30000000            7.477121            0.011000           83.333333
 300000000            8.477121            0.123000            8.064516
