 1 4.3845875188708305E-4 22807.162491251434 2874.4221303411455 301909.69323773374

 1001 1.5285983681678772E-4 65484827.201520726 26419279.940614015 82815083.85591555

 2001 6.632613949477673E-4 30169100.979525298 3856390.991567679 133954137.58683251

 3001 3.644959069788456E-4 82332886.11864084 14982002.872557864 171554022.99015066

 4001 3.8478197529911995E-4 103980962.12510271 20443757.779113397 199403144.08893222

 5001 4.06838022172451E-4 122923614.00479352 25674621.31664973 220452535.58682978

 6001 4.369858652353287E-4 137327096.30706933 29860301.89594465 239522877.379477

 7001 4.6580517664551735E-4 150298887.8401374 34045282.69591761 252553889.12561733

 8001 4.952633753418922E-4 161550407.2853503 37944473.89171857 256754582.6008368

 9001 5.181962624192238E-4 173698666.94866547 43045126.87984465 268252915.27052194

 10001 5.476353690028191E-4 182621513.62156665 46471487.78036758 274511854.54002583

 11001 5.816919729113579E-4 189120711.8595808 48884209.80985528 284741919.91669077

 12001 6.084288470447063E-4 197245743.00334227 52381908.28808884 292093019.0820564

 13001 6.479714065790176E-4 200641569.48898605 53174507.92138699 298262255.0412683

 14001 6.694188341498375E-4 209151569.7759129 57726303.88160959 303366110.2768411

 15001 6.943582557141781E-4 216041213.25771248 61759674.78254401 306762928.78709507

 16001 7.514301687479019E-4 212940611.98876607 57636957.16991905 309717212.4425216

 17001 7.529496215283871E-4 225791998.74608135 67013769.171386406 309903059.18603843

 18001 7.872222922742367E-4 228664764.40849027 68304602.45048662 312988147.8082407

 19001 8.308044634759426E-4 228706041.37709 68072691.23081364 318744038.2112236

 20001 8.537350222468376E-4 234276437.99081698 71992163.23283575 318491920.83381283

 21001 8.765682578086853E-4 239582026.98897588 74432839.56859314 323475689.3986415

 22001 9.127655066549778E-4 241036715.7784842 74577386.18819404 325597401.5191995

 23001 9.660231880843639E-4 238099874.65840515 70736042.8871214 330122650.0270545

 24001 9.858310222625732E-4 243459573.27367815 75129701.51121294 327051968.8800279

 25001 9.988718666136265E-4 250292363.1712478 80855217.08577943 329220251.9232769

 26001 1.033802516758442E-3 251508383.64688745 81201105.71981938 331903100.0739931

 27001 1.0646716691553593E-3 253608701.93362826 81538582.44481006 335221138.44153714

 28001 1.094477716833353E-3 255838922.70566416 84664021.02341324 334782865.6321222

 29001 1.1167209595441818E-3 259697821.1265731 87139813.51111509 338120945.9457957

 30001 1.155987847596407E-3 259526949.71992758 85610335.06252417 339855024.8911912

 31001 1.1835983023047447E-3 261921632.8684635 90123867.69611315 339846042.88852704

 32001 1.225389540195465E-3 261149609.5755431 86741689.83213507 338105454.82102776

 33001 1.2353332713246346E-3 267142485.07703012 93981137.05432063 339935666.4379359

 34001 1.2685535475611687E-3 268029678.8840165 92791121.92733946 342506632.8724523

 35001 1.2950953096151352E-3 270258101.77940714 94511530.59091401 343338807.89713186

 36001 1.336561981588602E-3 269355259.95741826 92988935.3837331 344444310.44204354

 37001 1.3577472418546677E-3 272517585.4487986 96873272.55372289 345170947.51413107

 38001 1.3943091034889221E-3 272543583.8072897 95462195.55744177 346474505.1994532

 39001 1.4406782574951649E-3 270712768.77468175 93220038.57249166 346444551.90069205

 40001 1.4620646834373474E-3 273592546.5756873 95568218.72798353 349934183.3869618

 41001 1.4842301607131958E-3 276244217.9472918 98382482.74420257 348552833.9857727

 42001 1.522129401564598E-3 275935803.86021805 99007320.13291651 348729564.3015585

 43001 1.5505291521549225E-3 277331128.79714185 100769812.19427206 348507168.16110504

 44001 1.5866318717598915E-3 277323308.4697467 98455646.13148616 350158893.9001901

 45001 1.6298345290124416E-3 276107783.943363 97699537.8262902 350523257.7689727

 46001 1.6668927855789661E-3 275968558.9737696 96664134.22474375 352365580.7400982

 47001 1.69028015807271E-3 278066329.8656446 98393650.07564507 351974191.2006277

 48001 1.7713992856442928E-3 270977866.9835079 90229994.67594747 351849549.7410929

 49001 1.7841467633843422E-3 274646688.2973807 93931766.59860086 351785343.517317

 50001 1.8317047506570816E-3 272975216.0224692 91444658.5770391 352360845.4706334

 51001 1.8507852219045162E-3 275564119.46880776 93781709.54853968 354893922.85294706

 52001 1.9208290614187717E-3 270721643.29703957 88211877.6025227 355222499.53764033

 53001 1.9317278638482094E-3 274370945.2656355 92029209.05751766 353591972.57364404

 54001 1.9902274943888187E-3 271330790.8379752 88622568.55203468 355206093.1757556

 55001 2.025000751018524E-3 271609775.81038374 88181900.94140431 355492328.5307265

 56001 2.083768602460623E-3 268748650.5645161 85737121.9339975 357504308.29495436

 57001 2.135908231139183E-3 266870079.75805503 83601203.8123587 354786275.09527826

 58001 2.1684844978153706E-3 267472513.90744472 83173649.03311555 357082814.6290537

 59001 2.19937227666378E-3 268262906.7667362 83906556.31916411 357228759.92965025

 60001 2.249707467854023E-3 266705786.6738312 82521098.48046505 357925871.9968888

 61001 2.289082854986191E-3 266486640.56490868 82041675.10263018 358283966.2488868

 62001 2.340097911655903E-3 264950452.24892655 80325712.37048754 357991889.9230974

 63001 2.380720339715481E-3 264629990.1294968 80162404.5516666 357608370.7768847

 64001 2.4630925618112087E-3 259840011.66784227 75373423.37909117 359995130.66390073

 65001 2.5279931724071503E-3 257124903.30069274 73346538.50832047 358633956.8927016

 66001 2.5384617038071156E-3 260003922.45828843 75334664.0230847 360255567.0399154

 67001 2.579580992460251E-3 259735981.13738012 75637619.11377062 358385541.13846624

 68001 2.6619168929755688E-3 255458764.2440876 73881706.90558508 359338945.90304834

 69001 2.668858040124178E-3 258541289.804944 74167691.93204214 360695789.07105666

 70001 2.718475181609392E-3 257500971.40323347 72921645.27192353 361425744.6502326

 71001 2.7714716270565987E-3 256185195.28343713 71911245.85219175 361620928.07270676

 72001 2.8237253427505493E-3 254985847.631572 70710604.7130266 360663124.6070168

 73001 2.8546201065182686E-3 255729299.43745852 71494351.94414292 360118196.26175386

 74001 2.9238127171993256E-3 253097606.30251446 69188794.81882669 360665194.7275265

 75001 2.979927696287632E-3 251687314.74067506 68069194.07534532 361254294.84158844

 76001 3.0286964029073715E-3 250936343.19717053 67407621.06712846 363011963.3178856

 77001 3.0897012911736965E-3 249218266.5682524 66104935.16354215 361897899.80663574

 78001 3.1126677058637142E-3 250592120.23519227 66816811.887809135 363600171.1089047

 79001 3.1740879639983177E-3 248893543.266786 65659846.41188441 363347216.5897395

 80001 3.2706018537282944E-3 244606355.58193532 62735151.35005824 363545032.01349217

 81001 3.2621738500893116E-3 248303749.9604209 65312711.02804137 361976820.2992981

 82001 3.3241151832044125E-3 246685194.3468213 64129960.992922954 362048752.5769562

 83001 3.3594961278140545E-3 247063835.8913865 64474006.23735719 363693531.556622

 84001 3.412530291825533E-3 246154591.51005417 63631810.44780814 363269215.41848177

 85001 3.458845429122448E-3 245749634.50033617 63426376.563792 363895310.94795895

 86001 3.5083377733826637E-3 245133181.4527074 62809114.320273675 363400807.1616304

 87001 3.5355756990611553E-3 246073079.4792555 63458665.071078725 365400362.7139803

 88001 3.596742171794176E-3 244668635.66176093 62476699.76539026 364338789.6695515

 89001 3.6204177886247635E-3 245830744.39540732 63201510.05045058 364049538.77793396

 90001 3.6908285692334175E-3 243850393.78486535 61738391.068064205 364813570.21260756

 91001 3.7505305372178555E-3 242635006.15970072 61031401.97927177 364578442.14663124

 92001 3.7789144553244114E-3 243458805.66407773 61447682.12012567 364640561.76952255

 93001 3.8402616046369076E-3 242173605.7973403 60866717.8712321 364391285.95943344

 94001 3.930103499442339E-3 239181996.1314969 58613588.8793629 365377540.3778347

 95001 3.942946437746286E-3 240939108.60808137 59850844.26626049 365222805.7043568

 96001 4.002060275524855E-3 239878945.81974992 59145077.6525552 365086291.04756236

 97001 4.046523477882147E-3 239714412.95274034 59009244.331209496 365949017.42125374

 98001 4.147978965193033E-3 236262046.70360318 56715081.39124614 367342297.4262245

 262144 8.814255241304636E-3 297409131.9384109 108398105.85319242 371850436.3992113

 100001 2.757932059466839E-3 362594138.8104104 359356142.8981489 364917861.4481945

 101001 2.7802777476608753E-3 363276654.949222 360933002.8466345 364588982.1026137

 102001 2.810888923704624E-3 362878088.63527524 361178085.79026014 365244420.47353196

 103001 2.836854662746191E-3 363081695.2049663 361461257.257886 364758707.78245044

 104001 2.8622960671782494E-3 363348156.7213548 361005017.0701141 365410643.37872136

 105001 2.8886059299111366E-3 363500603.91667956 361918560.7929699 365722328.94656277

 106001 2.919876016676426E-3 363032537.664584 360344544.33898777 365106939.4357569

 107001 2.9387976974248886E-3 364097876.1272314 362524509.8055317 365602920.2990721

 108001 2.966600935906172E-3 364056380.7986875 361524128.01740825 365889467.37265825

 109001 3.0047520995140076E-3 362762039.5626979 358239859.9283575 366244527.8983118

 110001 3.0194041319191456E-3 364313603.59198725 363182236.98041916 365707881.1710809

 111001 3.0491994693875313E-3 364033252.3811435 362219198.60755825 366621960.16168886

 112001 3.0742757953703403E-3 364316695.88221794 362330342.1279242 366287794.2194587

 113001 3.1050234101712704E-3 363929623.29957753 360394689.31347805 366255083.96557015

 114001 3.1300457194447517E-3 364215127.2481189 363001220.8351591 365144159.33438134

 115001 3.1557385809719563E-3 364418652.0816946 363311973.16036093 365576679.802245

 116001 3.185255452990532E-3 364181151.91072184 360751204.36366165 365907048.8213137

 117001 3.210339229553938E-3 364450581.8042686 362527084.8808827 366891201.0146299

 118001 3.2366416417062283E-3 364578513.974116 362740708.64339775 366572327.0319797

 119001 3.2636746764183044E-3 364622739.08561486 361831212.720874 367219324.2483586

 120001 3.2841213978827E-3 365397576.5858279 363920603.0085889 367187908.65996885

 121001 3.311638254672289E-3 365381091.45611966 364582839.53671956 366664318.01609755

 122001 3.3379066735506058E-3 365501531.14444274 363945341.26014656 367530406.04395014

 123001 3.367763478308916E-3 365230518.0937574 360225123.02770466 367361220.3542398

 124001 3.3936118707060814E-3 365395350.80716264 364404601.0499402 366903497.679932

 125001 3.4179515205323696E-3 365719054.9634543 363323051.6534676 367634612.91286063

 126001 3.445869777351618E-3 365658043.226579 363001199.5149629 366968178.242508

 127001 3.5025114193558693E-3 362599817.0859816 341392382.5887495 367595817.9406957

 128001 3.5057589411735535E-3 365116376.0767637 363378774.74386877 366744389.60132563

 129001 3.527242224663496E-3 365727647.2196544 364925261.0874851 367270244.3571262

 130001 3.5553928464651108E-3 365644545.10069484 364296079.3219311 368803489.8426606

 131001 3.589379135519266E-3 364968411.12062806 360876225.85689765 367427242.5199966

 132001 3.6092139780521393E-3 365733372.42598116 363637982.2172438 366859311.7322614

 133001 3.629134502261877E-3 366481319.2156599 364715980.3346958 368002577.7514408

 134001 3.658976871520281E-3 366225326.6562012 365085270.49877125 367558156.51307046

 135001 3.684520721435547E-3 366400436.3297528 365118441.1076858 367516020.25199944

 136001 3.7160427309572697E-3 365983412.5883841 361454933.35698974 368936283.8958853

 137001 3.738660365343094E-3 366444091.2311315 365086823.52634716 367883879.7388215

 138001 3.760675434023142E-3 366958017.0399539 365336213.3716247 368304226.4591156

 139001 3.790429327636957E-3 366715714.725267 366001910.98763084 367930943.6159842

 140001 3.817272372543812E-3 366756642.7980721 361498343.9528182 368066366.080398

 141001 3.840424120426178E-3 367149553.2226605 366100071.2760634 369028332.8640994

 142001 3.86706180870533E-3 367206439.99104095 365985760.5775796 368044155.788871

 143001 3.899206407368183E-3 366743857.7495575 364974749.61302674 368116444.64167744

 144001 3.924733493477106E-3 366906441.5184603 365313172.9670528 369297544.57768285

 145001 3.9464980363845825E-3 367416881.151768 365928562.8004997 368927408.663215

 146001 3.9753299206495285E-3 367267630.3961834 366354678.5861656 368505889.08397126

 147001 3.995615057647228E-3 367905811.4436075 366581327.9649214 369909062.8009538

 148001 4.017677158117294E-3 368374546.22499853 366397132.948504 370885230.49521965

 149001 4.0547228418290615E-3 367475178.48294294 362303703.50083673 368925509.8287003

 150001 4.083404783159494E-3 367342960.01862 363511168.206268 369168585.925278

 151001 4.098392091691494E-3 368439613.93083465 366897193.59153134 369559474.5852191

 152001 4.128449130803347E-3 368179418.430723 366576669.85565567 369920039.0519194

 153001 4.156297538429499E-3 368118496.29469275 362887202.83584833 370041383.93959814

 154001 4.18077502399683E-3 368355147.34962875 367094828.0165746 369974470.1786561

 155001 4.2023430578410625E-3 368844232.53067577 367390581.9908986 370798095.25064635

 156001 4.243436735123396E-3 367628904.912762 362020292.62466705 369354383.2527921

 157001 4.263295326381922E-3 368262078.93329334 367421597.1793076 369231076.1079142

 158001 4.285195842385292E-3 368713603.32518905 367534523.0484786 369921485.53983825

 159001 4.317931830883026E-3 368234159.84194446 367177612.5862806 369096249.2994272

 160001 4.345898050814867E-3 368165562.39739543 367092731.8142995 369749709.6273314

 161001 4.368708468973637E-3 368532258.7749253 366530387.36649007 370159793.51344687

 162001 4.398669581860304E-3 368295451.5794429 366969577.07606167 370015111.89400744

 163001 4.423875827342272E-3 368457448.5399288 367624351.9902875 369486973.0377032

 164001 4.452565684914589E-3 368329209.7310091 367179188.9659958 369971789.8636547

 165001 4.4790636748075485E-3 368382796.00275964 366800842.0153289 369115984.2989955

 166001 4.5047239400446415E-3 368504268.4288328 367248486.1816316 370244572.5920308

 167001 4.529844503849745E-3 368668283.9953383 367220845.0443913 370351313.6694026

 168001 4.55677742138505E-3 368683796.60496 365383229.03346974 370033190.3724831

 169001 4.586139228194952E-3 368503858.23658633 367300700.7400606 369636902.69018286

 170001 4.609785974025726E-3 368782847.9627615 366970135.3629329 370602647.3339282

 171001 4.630455747246742E-3 369296262.25599235 367139244.96153164 370517979.2349219

 172001 4.667781759053469E-3 368485522.41413766 366452374.0422715 369924221.2715553

 173001 4.684749990701675E-3 369285448.1954717 368222698.3284021 370676494.973543

 174001 4.712611902505159E-3 369224123.69137263 367867084.8455667 369947440.3029245

 175001 4.784781485795975E-3 365745019.9544225 334258447.03988475 370516000.6858452

 176001 4.771651234477758E-3 368847158.6697236 367192809.1738612 370265884.9736652

 177001 4.785264376550913E-3 369887609.2768305 367857467.3735753 371290823.8579645

 178001 4.813442938029766E-3 369799751.013272 368013937.51548624 371865070.4883446

 179001 4.840145353227854E-3 369825670.3812122 368989047.9430661 370771421.4792286

 180001 4.8805843107402325E-3 368810348.39187 367942008.7967858 369658049.2224762

 181001 4.8987604677677155E-3 369483262.53330606 368547460.9846929 370827617.37328166

 182001 4.925972782075405E-3 369472199.81049013 367622211.55983627 371510398.75788873

 183001 4.956340882927179E-3 369226016.3750499 368395024.4689309 370613283.76721597

 184001 4.979713819921017E-3 369501153.38740176 367810454.16102934 370018577.4898613

 185001 5.010552238672972E-3 369222774.63171786 368248395.16306454 371087822.1218457

 186001 5.0252447836101055E-3 370133213.4240394 369668405.96346945 371166441.0292977

 187001 5.053326487541199E-3 370055250.65725416 368934569.59609 371850643.3233712

 188001 5.0843097269535065E-3 369767008.8888335 368615161.6262893 370834564.13097405

 189001 5.1107946783304214E-3 369807460.2788431 368594679.5026708 370906389.80560607

 190001 5.13857789337635E-3 369754052.46831447 368447609.117862 371630625.1166041

 191001 5.170314107090235E-3 369418561.5107476 368677266.57580745 370252392.3211508

 192001 5.189312156289816E-3 369993159.4349766 368868840.5631884 370848836.73208284

 193001 5.21868746727705E-3 369826706.83037084 368004456.8522269 371648163.35158515

 194001 5.238894838839769E-3 370309017.39376086 368561971.0907494 371787882.04532516

 195001 5.273122806102037E-3 369801742.0992843 366700928.0836169 371837764.04744476

 196001 5.291863344609737E-3 370381824.3901659 369059739.66597515 372147892.70242065

 197001 5.317386705428362E-3 370484621.32514745 368880754.17738616 371989355.43603384

 198001 5.350153893232346E-3 370084681.58357185 367479813.2435396 371546306.79870015

 0 2.8649810701608658E-5 0.0E+0 0.0E+0 0.0E+0

