  0.0000E+00  0.0000E+00  0.1000E+01
  0.4167E-01  0.0000E+00  0.1000E+01
  0.8333E-01  0.0000E+00  0.1000E+01
  0.1250E+00  0.0000E+00  0.1000E+01
  0.1667E+00  0.0000E+00  0.1000E+01
  0.2083E+00  0.0000E+00  0.1000E+01
  0.2500E+00  0.0000E+00  0.1000E+01
  0.2917E+00  0.0000E+00  0.1000E+01
  0.3333E+00  0.0000E+00  0.1000E+01
  0.3750E+00  0.0000E+00  0.1000E+01
  0.4167E+00  0.0000E+00  0.1000E+01
  0.4583E+00  0.0000E+00  0.1000E+01
  0.5000E+00  0.0000E+00  0.1000E+01
  0.5417E+00  0.0000E+00  0.1000E+01
  0.5833E+00  0.0000E+00  0.1000E+01
  0.6250E+00  0.0000E+00  0.1000E+01
  0.6667E+00  0.0000E+00  0.1000E+01
  0.7083E+00  0.0000E+00  0.1000E+01
  0.7500E+00  0.0000E+00  0.1000E+01
  0.7917E+00  0.0000E+00  0.1000E+01
  0.8333E+00  0.0000E+00  0.1000E+01
  0.8750E+00  0.0000E+00  0.1000E+01
  0.9167E+00  0.0000E+00  0.1000E+01
  0.9583E+00  0.0000E+00  0.1000E+01
  0.1000E+01  0.0000E+00  0.1000E+01

  0.0000E+00  0.4167E-01  0.1000E+01
  0.4167E-01  0.4167E-01  0.5052E+00
  0.8333E-01  0.4167E-01  0.3285E+00
  0.1250E+00  0.4167E-01  0.2962E+00
  0.1667E+00  0.4167E-01  0.2927E+00
  0.2083E+00  0.4167E-01  0.2924E+00
  0.2500E+00  0.4167E-01  0.2924E+00
  0.2917E+00  0.4167E-01  0.2924E+00
  0.3333E+00  0.4167E-01  0.2924E+00
  0.3750E+00  0.4167E-01  0.2924E+00
  0.4167E+00  0.4167E-01  0.2924E+00
  0.4583E+00  0.4167E-01  0.2924E+00
  0.5000E+00  0.4167E-01  0.2924E+00
  0.5417E+00  0.4167E-01  0.2924E+00
  0.5833E+00  0.4167E-01  0.2924E+00
  0.6250E+00  0.4167E-01  0.2924E+00
  0.6667E+00  0.4167E-01  0.2924E+00
  0.7083E+00  0.4167E-01  0.2924E+00
  0.7500E+00  0.4167E-01  0.2924E+00
  0.7917E+00  0.4167E-01  0.2924E+00
  0.8333E+00  0.4167E-01  0.2927E+00
  0.8750E+00  0.4167E-01  0.2962E+00
  0.9167E+00  0.4167E-01  0.3285E+00
  0.9583E+00  0.4167E-01  0.5052E+00
  0.1000E+01  0.4167E-01  0.1000E+01

  0.0000E+00  0.8333E-01  0.1000E+01
  0.4167E-01  0.8333E-01  0.3285E+00
  0.8333E-01  0.8333E-01  0.9401E-01
  0.1250E+00  0.8333E-01  0.5233E-01
  0.1667E+00  0.8333E-01  0.4800E-01
  0.2083E+00  0.8333E-01  0.4772E-01
  0.2500E+00  0.8333E-01  0.4771E-01
  0.2917E+00  0.8333E-01  0.4771E-01
  0.3333E+00  0.8333E-01  0.4771E-01
  0.3750E+00  0.8333E-01  0.4771E-01
  0.4167E+00  0.8333E-01  0.4771E-01
  0.4583E+00  0.8333E-01  0.4771E-01
  0.5000E+00  0.8333E-01  0.4771E-01
  0.5417E+00  0.8333E-01  0.4771E-01
  0.5833E+00  0.8333E-01  0.4771E-01
  0.6250E+00  0.8333E-01  0.4771E-01
  0.6667E+00  0.8333E-01  0.4771E-01
  0.7083E+00  0.8333E-01  0.4771E-01
  0.7500E+00  0.8333E-01  0.4771E-01
  0.7917E+00  0.8333E-01  0.4772E-01
  0.8333E+00  0.8333E-01  0.4800E-01
  0.8750E+00  0.8333E-01  0.5233E-01
  0.9167E+00  0.8333E-01  0.9401E-01
  0.9583E+00  0.8333E-01  0.3285E+00
  0.1000E+01  0.8333E-01  0.1000E+01

  0.0000E+00  0.1250E+00  0.1000E+01
  0.4167E-01  0.1250E+00  0.2962E+00
  0.8333E-01  0.1250E+00  0.5233E-01
  0.1250E+00  0.1250E+00  0.9414E-02
  0.1667E+00  0.1250E+00  0.4999E-02
  0.2083E+00  0.1250E+00  0.4720E-02
  0.2500E+00  0.1250E+00  0.4710E-02
  0.2917E+00  0.1250E+00  0.4709E-02
  0.3333E+00  0.1250E+00  0.4709E-02
  0.3750E+00  0.1250E+00  0.4709E-02
  0.4167E+00  0.1250E+00  0.4709E-02
  0.4583E+00  0.1250E+00  0.4709E-02
  0.5000E+00  0.1250E+00  0.4709E-02
  0.5417E+00  0.1250E+00  0.4709E-02
  0.5833E+00  0.1250E+00  0.4709E-02
  0.6250E+00  0.1250E+00  0.4709E-02
  0.6667E+00  0.1250E+00  0.4709E-02
  0.7083E+00  0.1250E+00  0.4709E-02
  0.7500E+00  0.1250E+00  0.4710E-02
  0.7917E+00  0.1250E+00  0.4720E-02
  0.8333E+00  0.1250E+00  0.4999E-02
  0.8750E+00  0.1250E+00  0.9414E-02
  0.9167E+00  0.1250E+00  0.5233E-01
  0.9583E+00  0.1250E+00  0.2962E+00
  0.1000E+01  0.1250E+00  0.1000E+01

  0.0000E+00  0.1667E+00  0.1000E+01
  0.4167E-01  0.1667E+00  0.2927E+00
  0.8333E-01  0.1667E+00  0.4800E-01
  0.1250E+00  0.1667E+00  0.4999E-02
  0.1667E+00  0.1667E+00  0.5791E-03
  0.2083E+00  0.1667E+00  0.3005E-03
  0.2500E+00  0.1667E+00  0.2898E-03
  0.2917E+00  0.1667E+00  0.2896E-03
  0.3333E+00  0.1667E+00  0.2896E-03
  0.3750E+00  0.1667E+00  0.2896E-03
  0.4167E+00  0.1667E+00  0.2896E-03
  0.4583E+00  0.1667E+00  0.2896E-03
  0.5000E+00  0.1667E+00  0.2896E-03
  0.5417E+00  0.1667E+00  0.2896E-03
  0.5833E+00  0.1667E+00  0.2896E-03
  0.6250E+00  0.1667E+00  0.2896E-03
  0.6667E+00  0.1667E+00  0.2896E-03
  0.7083E+00  0.1667E+00  0.2896E-03
  0.7500E+00  0.1667E+00  0.2898E-03
  0.7917E+00  0.1667E+00  0.3005E-03
  0.8333E+00  0.1667E+00  0.5791E-03
  0.8750E+00  0.1667E+00  0.4999E-02
  0.9167E+00  0.1667E+00  0.4800E-01
  0.9583E+00  0.1667E+00  0.2927E+00
  0.1000E+01  0.1667E+00  0.1000E+01

  0.0000E+00  0.2083E+00  0.1000E+01
  0.4167E-01  0.2083E+00  0.2924E+00
  0.8333E-01  0.2083E+00  0.4772E-01
  0.1250E+00  0.2083E+00  0.4720E-02
  0.1667E+00  0.2083E+00  0.3005E-03
  0.2083E+00  0.2083E+00  0.2179E-04
  0.2500E+00  0.2083E+00  0.1113E-04
  0.2917E+00  0.2083E+00  0.1090E-04
  0.3333E+00  0.2083E+00  0.1090E-04
  0.3750E+00  0.2083E+00  0.1090E-04
  0.4167E+00  0.2083E+00  0.1090E-04
  0.4583E+00  0.2083E+00  0.1090E-04
  0.5000E+00  0.2083E+00  0.1090E-04
  0.5417E+00  0.2083E+00  0.1090E-04
  0.5833E+00  0.2083E+00  0.1090E-04
  0.6250E+00  0.2083E+00  0.1090E-04
  0.6667E+00  0.2083E+00  0.1090E-04
  0.7083E+00  0.2083E+00  0.1090E-04
  0.7500E+00  0.2083E+00  0.1113E-04
  0.7917E+00  0.2083E+00  0.2179E-04
  0.8333E+00  0.2083E+00  0.3005E-03
  0.8750E+00  0.2083E+00  0.4720E-02
  0.9167E+00  0.2083E+00  0.4772E-01
  0.9583E+00  0.2083E+00  0.2924E+00
  0.1000E+01  0.2083E+00  0.1000E+01

  0.0000E+00  0.2500E+00  0.1000E+01
  0.4167E-01  0.2500E+00  0.2924E+00
  0.8333E-01  0.2500E+00  0.4771E-01
  0.1250E+00  0.2500E+00  0.4710E-02
  0.1667E+00  0.2500E+00  0.2898E-03
  0.2083E+00  0.2500E+00  0.1113E-04
  0.2500E+00  0.2500E+00  0.4608E-06
  0.2917E+00  0.2500E+00  0.2325E-06
  0.3333E+00  0.2500E+00  0.2304E-06
  0.3750E+00  0.2500E+00  0.2304E-06
  0.4167E+00  0.2500E+00  0.2304E-06
  0.4583E+00  0.2500E+00  0.2304E-06
  0.5000E+00  0.2500E+00  0.2304E-06
  0.5417E+00  0.2500E+00  0.2304E-06
  0.5833E+00  0.2500E+00  0.2304E-06
  0.6250E+00  0.2500E+00  0.2304E-06
  0.6667E+00  0.2500E+00  0.2304E-06
  0.7083E+00  0.2500E+00  0.2325E-06
  0.7500E+00  0.2500E+00  0.4608E-06
  0.7917E+00  0.2500E+00  0.1113E-04
  0.8333E+00  0.2500E+00  0.2898E-03
  0.8750E+00  0.2500E+00  0.4710E-02
  0.9167E+00  0.2500E+00  0.4771E-01
  0.9583E+00  0.2500E+00  0.2924E+00
  0.1000E+01  0.2500E+00  0.1000E+01

  0.0000E+00  0.2917E+00  0.1000E+01
  0.4167E-01  0.2917E+00  0.2924E+00
  0.8333E-01  0.2917E+00  0.4771E-01
  0.1250E+00  0.2917E+00  0.4709E-02
  0.1667E+00  0.2917E+00  0.2896E-03
  0.2083E+00  0.2917E+00  0.1090E-04
  0.2500E+00  0.2917E+00  0.2325E-06
  0.2917E+00  0.2917E+00  0.4207E-08
  0.3333E+00  0.2917E+00  0.2104E-08
  0.3750E+00  0.2917E+00  0.2104E-08
  0.4167E+00  0.2917E+00  0.2104E-08
  0.4583E+00  0.2917E+00  0.2104E-08
  0.5000E+00  0.2917E+00  0.2104E-08
  0.5417E+00  0.2917E+00  0.2104E-08
  0.5833E+00  0.2917E+00  0.2104E-08
  0.6250E+00  0.2917E+00  0.2104E-08
  0.6667E+00  0.2917E+00  0.2104E-08
  0.7083E+00  0.2917E+00  0.4207E-08
  0.7500E+00  0.2917E+00  0.2325E-06
  0.7917E+00  0.2917E+00  0.1090E-04
  0.8333E+00  0.2917E+00  0.2896E-03
  0.8750E+00  0.2917E+00  0.4709E-02
  0.9167E+00  0.2917E+00  0.4771E-01
  0.9583E+00  0.2917E+00  0.2924E+00
  0.1000E+01  0.2917E+00  0.1000E+01

  0.0000E+00  0.3333E+00  0.1000E+01
  0.4167E-01  0.3333E+00  0.2924E+00
  0.8333E-01  0.3333E+00  0.4771E-01
  0.1250E+00  0.3333E+00  0.4709E-02
  0.1667E+00  0.3333E+00  0.2896E-03
  0.2083E+00  0.3333E+00  0.1090E-04
  0.2500E+00  0.3333E+00  0.2304E-06
  0.2917E+00  0.3333E+00  0.2104E-08
  0.3333E+00  0.3333E+00  0.0000E+00
  0.3750E+00  0.3333E+00  0.0000E+00
  0.4167E+00  0.3333E+00  0.0000E+00
  0.4583E+00  0.3333E+00  0.0000E+00
  0.5000E+00  0.3333E+00  0.0000E+00
  0.5417E+00  0.3333E+00  0.0000E+00
  0.5833E+00  0.3333E+00  0.0000E+00
  0.6250E+00  0.3333E+00  0.0000E+00
  0.6667E+00  0.3333E+00  0.0000E+00
  0.7083E+00  0.3333E+00  0.2104E-08
  0.7500E+00  0.3333E+00  0.2304E-06
  0.7917E+00  0.3333E+00  0.1090E-04
  0.8333E+00  0.3333E+00  0.2896E-03
  0.8750E+00  0.3333E+00  0.4709E-02
  0.9167E+00  0.3333E+00  0.4771E-01
  0.9583E+00  0.3333E+00  0.2924E+00
  0.1000E+01  0.3333E+00  0.1000E+01

  0.0000E+00  0.3750E+00  0.1000E+01
  0.4167E-01  0.3750E+00  0.2924E+00
  0.8333E-01  0.3750E+00  0.4771E-01
  0.1250E+00  0.3750E+00  0.4709E-02
  0.1667E+00  0.3750E+00  0.2896E-03
  0.2083E+00  0.3750E+00  0.1090E-04
  0.2500E+00  0.3750E+00  0.2304E-06
  0.2917E+00  0.3750E+00  0.2104E-08
  0.3333E+00  0.3750E+00  0.0000E+00
  0.3750E+00  0.3750E+00  0.0000E+00
  0.4167E+00  0.3750E+00  0.0000E+00
  0.4583E+00  0.3750E+00  0.0000E+00
  0.5000E+00  0.3750E+00  0.0000E+00
  0.5417E+00  0.3750E+00  0.0000E+00
  0.5833E+00  0.3750E+00  0.0000E+00
  0.6250E+00  0.3750E+00  0.0000E+00
  0.6667E+00  0.3750E+00  0.0000E+00
  0.7083E+00  0.3750E+00  0.2104E-08
  0.7500E+00  0.3750E+00  0.2304E-06
  0.7917E+00  0.3750E+00  0.1090E-04
  0.8333E+00  0.3750E+00  0.2896E-03
  0.8750E+00  0.3750E+00  0.4709E-02
  0.9167E+00  0.3750E+00  0.4771E-01
  0.9583E+00  0.3750E+00  0.2924E+00
  0.1000E+01  0.3750E+00  0.1000E+01

  0.0000E+00  0.4167E+00  0.1000E+01
  0.4167E-01  0.4167E+00  0.2924E+00
  0.8333E-01  0.4167E+00  0.4771E-01
  0.1250E+00  0.4167E+00  0.4709E-02
  0.1667E+00  0.4167E+00  0.2896E-03
  0.2083E+00  0.4167E+00  0.1090E-04
  0.2500E+00  0.4167E+00  0.2304E-06
  0.2917E+00  0.4167E+00  0.2104E-08
  0.3333E+00  0.4167E+00  0.0000E+00
  0.3750E+00  0.4167E+00  0.0000E+00
  0.4167E+00  0.4167E+00  0.0000E+00
  0.4583E+00  0.4167E+00  0.0000E+00
  0.5000E+00  0.4167E+00  0.0000E+00
  0.5417E+00  0.4167E+00  0.0000E+00
  0.5833E+00  0.4167E+00  0.0000E+00
  0.6250E+00  0.4167E+00  0.0000E+00
  0.6667E+00  0.4167E+00  0.0000E+00
  0.7083E+00  0.4167E+00  0.2104E-08
  0.7500E+00  0.4167E+00  0.2304E-06
  0.7917E+00  0.4167E+00  0.1090E-04
  0.8333E+00  0.4167E+00  0.2896E-03
  0.8750E+00  0.4167E+00  0.4709E-02
  0.9167E+00  0.4167E+00  0.4771E-01
  0.9583E+00  0.4167E+00  0.2924E+00
  0.1000E+01  0.4167E+00  0.1000E+01

  0.0000E+00  0.4583E+00  0.1000E+01
  0.4167E-01  0.4583E+00  0.2924E+00
  0.8333E-01  0.4583E+00  0.4771E-01
  0.1250E+00  0.4583E+00  0.4709E-02
  0.1667E+00  0.4583E+00  0.2896E-03
  0.2083E+00  0.4583E+00  0.1090E-04
  0.2500E+00  0.4583E+00  0.2304E-06
  0.2917E+00  0.4583E+00  0.2104E-08
  0.3333E+00  0.4583E+00  0.0000E+00
  0.3750E+00  0.4583E+00  0.0000E+00
  0.4167E+00  0.4583E+00  0.0000E+00
  0.4583E+00  0.4583E+00  0.0000E+00
  0.5000E+00  0.4583E+00  0.0000E+00
  0.5417E+00  0.4583E+00  0.0000E+00
  0.5833E+00  0.4583E+00  0.0000E+00
  0.6250E+00  0.4583E+00  0.0000E+00
  0.6667E+00  0.4583E+00  0.0000E+00
  0.7083E+00  0.4583E+00  0.2104E-08
  0.7500E+00  0.4583E+00  0.2304E-06
  0.7917E+00  0.4583E+00  0.1090E-04
  0.8333E+00  0.4583E+00  0.2896E-03
  0.8750E+00  0.4583E+00  0.4709E-02
  0.9167E+00  0.4583E+00  0.4771E-01
  0.9583E+00  0.4583E+00  0.2924E+00
  0.1000E+01  0.4583E+00  0.1000E+01

  0.0000E+00  0.5000E+00  0.1000E+01
  0.4167E-01  0.5000E+00  0.2924E+00
  0.8333E-01  0.5000E+00  0.4771E-01
  0.1250E+00  0.5000E+00  0.4709E-02
  0.1667E+00  0.5000E+00  0.2896E-03
  0.2083E+00  0.5000E+00  0.1090E-04
  0.2500E+00  0.5000E+00  0.2304E-06
  0.2917E+00  0.5000E+00  0.2104E-08
  0.3333E+00  0.5000E+00  0.0000E+00
  0.3750E+00  0.5000E+00  0.0000E+00
  0.4167E+00  0.5000E+00  0.0000E+00
  0.4583E+00  0.5000E+00  0.0000E+00
  0.5000E+00  0.5000E+00  0.0000E+00
  0.5417E+00  0.5000E+00  0.0000E+00
  0.5833E+00  0.5000E+00  0.0000E+00
  0.6250E+00  0.5000E+00  0.0000E+00
  0.6667E+00  0.5000E+00  0.0000E+00
  0.7083E+00  0.5000E+00  0.2104E-08
  0.7500E+00  0.5000E+00  0.2304E-06
  0.7917E+00  0.5000E+00  0.1090E-04
  0.8333E+00  0.5000E+00  0.2896E-03
  0.8750E+00  0.5000E+00  0.4709E-02
  0.9167E+00  0.5000E+00  0.4771E-01
  0.9583E+00  0.5000E+00  0.2924E+00
  0.1000E+01  0.5000E+00  0.1000E+01

  0.0000E+00  0.5417E+00  0.1000E+01
  0.4167E-01  0.5417E+00  0.2924E+00
  0.8333E-01  0.5417E+00  0.4771E-01
  0.1250E+00  0.5417E+00  0.4709E-02
  0.1667E+00  0.5417E+00  0.2896E-03
  0.2083E+00  0.5417E+00  0.1090E-04
  0.2500E+00  0.5417E+00  0.2304E-06
  0.2917E+00  0.5417E+00  0.2104E-08
  0.3333E+00  0.5417E+00  0.0000E+00
  0.3750E+00  0.5417E+00  0.0000E+00
  0.4167E+00  0.5417E+00  0.0000E+00
  0.4583E+00  0.5417E+00  0.0000E+00
  0.5000E+00  0.5417E+00  0.0000E+00
  0.5417E+00  0.5417E+00  0.0000E+00
  0.5833E+00  0.5417E+00  0.0000E+00
  0.6250E+00  0.5417E+00  0.0000E+00
  0.6667E+00  0.5417E+00  0.0000E+00
  0.7083E+00  0.5417E+00  0.2104E-08
  0.7500E+00  0.5417E+00  0.2304E-06
  0.7917E+00  0.5417E+00  0.1090E-04
  0.8333E+00  0.5417E+00  0.2896E-03
  0.8750E+00  0.5417E+00  0.4709E-02
  0.9167E+00  0.5417E+00  0.4771E-01
  0.9583E+00  0.5417E+00  0.2924E+00
  0.1000E+01  0.5417E+00  0.1000E+01

  0.0000E+00  0.5833E+00  0.1000E+01
  0.4167E-01  0.5833E+00  0.2924E+00
  0.8333E-01  0.5833E+00  0.4771E-01
  0.1250E+00  0.5833E+00  0.4709E-02
  0.1667E+00  0.5833E+00  0.2896E-03
  0.2083E+00  0.5833E+00  0.1090E-04
  0.2500E+00  0.5833E+00  0.2304E-06
  0.2917E+00  0.5833E+00  0.2104E-08
  0.3333E+00  0.5833E+00  0.0000E+00
  0.3750E+00  0.5833E+00  0.0000E+00
  0.4167E+00  0.5833E+00  0.0000E+00
  0.4583E+00  0.5833E+00  0.0000E+00
  0.5000E+00  0.5833E+00  0.0000E+00
  0.5417E+00  0.5833E+00  0.0000E+00
  0.5833E+00  0.5833E+00  0.0000E+00
  0.6250E+00  0.5833E+00  0.0000E+00
  0.6667E+00  0.5833E+00  0.0000E+00
  0.7083E+00  0.5833E+00  0.2104E-08
  0.7500E+00  0.5833E+00  0.2304E-06
  0.7917E+00  0.5833E+00  0.1090E-04
  0.8333E+00  0.5833E+00  0.2896E-03
  0.8750E+00  0.5833E+00  0.4709E-02
  0.9167E+00  0.5833E+00  0.4771E-01
  0.9583E+00  0.5833E+00  0.2924E+00
  0.1000E+01  0.5833E+00  0.1000E+01

  0.0000E+00  0.6250E+00  0.1000E+01
  0.4167E-01  0.6250E+00  0.2924E+00
  0.8333E-01  0.6250E+00  0.4771E-01
  0.1250E+00  0.6250E+00  0.4709E-02
  0.1667E+00  0.6250E+00  0.2896E-03
  0.2083E+00  0.6250E+00  0.1090E-04
  0.2500E+00  0.6250E+00  0.2304E-06
  0.2917E+00  0.6250E+00  0.2104E-08
  0.3333E+00  0.6250E+00  0.0000E+00
  0.3750E+00  0.6250E+00  0.0000E+00
  0.4167E+00  0.6250E+00  0.0000E+00
  0.4583E+00  0.6250E+00  0.0000E+00
  0.5000E+00  0.6250E+00  0.0000E+00
  0.5417E+00  0.6250E+00  0.0000E+00
  0.5833E+00  0.6250E+00  0.0000E+00
  0.6250E+00  0.6250E+00  0.0000E+00
  0.6667E+00  0.6250E+00  0.0000E+00
  0.7083E+00  0.6250E+00  0.2104E-08
  0.7500E+00  0.6250E+00  0.2304E-06
  0.7917E+00  0.6250E+00  0.1090E-04
  0.8333E+00  0.6250E+00  0.2896E-03
  0.8750E+00  0.6250E+00  0.4709E-02
  0.9167E+00  0.6250E+00  0.4771E-01
  0.9583E+00  0.6250E+00  0.2924E+00
  0.1000E+01  0.6250E+00  0.1000E+01

  0.0000E+00  0.6667E+00  0.1000E+01
  0.4167E-01  0.6667E+00  0.2924E+00
  0.8333E-01  0.6667E+00  0.4771E-01
  0.1250E+00  0.6667E+00  0.4709E-02
  0.1667E+00  0.6667E+00  0.2896E-03
  0.2083E+00  0.6667E+00  0.1090E-04
  0.2500E+00  0.6667E+00  0.2304E-06
  0.2917E+00  0.6667E+00  0.2104E-08
  0.3333E+00  0.6667E+00  0.0000E+00
  0.3750E+00  0.6667E+00  0.0000E+00
  0.4167E+00  0.6667E+00  0.0000E+00
  0.4583E+00  0.6667E+00  0.0000E+00
  0.5000E+00  0.6667E+00  0.0000E+00
  0.5417E+00  0.6667E+00  0.0000E+00
  0.5833E+00  0.6667E+00  0.0000E+00
  0.6250E+00  0.6667E+00  0.0000E+00
  0.6667E+00  0.6667E+00  0.0000E+00
  0.7083E+00  0.6667E+00  0.2104E-08
  0.7500E+00  0.6667E+00  0.2304E-06
  0.7917E+00  0.6667E+00  0.1090E-04
  0.8333E+00  0.6667E+00  0.2896E-03
  0.8750E+00  0.6667E+00  0.4709E-02
  0.9167E+00  0.6667E+00  0.4771E-01
  0.9583E+00  0.6667E+00  0.2924E+00
  0.1000E+01  0.6667E+00  0.1000E+01

  0.0000E+00  0.7083E+00  0.1000E+01
  0.4167E-01  0.7083E+00  0.2924E+00
  0.8333E-01  0.7083E+00  0.4771E-01
  0.1250E+00  0.7083E+00  0.4709E-02
  0.1667E+00  0.7083E+00  0.2896E-03
  0.2083E+00  0.7083E+00  0.1090E-04
  0.2500E+00  0.7083E+00  0.2325E-06
  0.2917E+00  0.7083E+00  0.4207E-08
  0.3333E+00  0.7083E+00  0.2104E-08
  0.3750E+00  0.7083E+00  0.2104E-08
  0.4167E+00  0.7083E+00  0.2104E-08
  0.4583E+00  0.7083E+00  0.2104E-08
  0.5000E+00  0.7083E+00  0.2104E-08
  0.5417E+00  0.7083E+00  0.2104E-08
  0.5833E+00  0.7083E+00  0.2104E-08
  0.6250E+00  0.7083E+00  0.2104E-08
  0.6667E+00  0.7083E+00  0.2104E-08
  0.7083E+00  0.7083E+00  0.4207E-08
  0.7500E+00  0.7083E+00  0.2325E-06
  0.7917E+00  0.7083E+00  0.1090E-04
  0.8333E+00  0.7083E+00  0.2896E-03
  0.8750E+00  0.7083E+00  0.4709E-02
  0.9167E+00  0.7083E+00  0.4771E-01
  0.9583E+00  0.7083E+00  0.2924E+00
  0.1000E+01  0.7083E+00  0.1000E+01

  0.0000E+00  0.7500E+00  0.1000E+01
  0.4167E-01  0.7500E+00  0.2924E+00
  0.8333E-01  0.7500E+00  0.4771E-01
  0.1250E+00  0.7500E+00  0.4710E-02
  0.1667E+00  0.7500E+00  0.2898E-03
  0.2083E+00  0.7500E+00  0.1113E-04
  0.2500E+00  0.7500E+00  0.4608E-06
  0.2917E+00  0.7500E+00  0.2325E-06
  0.3333E+00  0.7500E+00  0.2304E-06
  0.3750E+00  0.7500E+00  0.2304E-06
  0.4167E+00  0.7500E+00  0.2304E-06
  0.4583E+00  0.7500E+00  0.2304E-06
  0.5000E+00  0.7500E+00  0.2304E-06
  0.5417E+00  0.7500E+00  0.2304E-06
  0.5833E+00  0.7500E+00  0.2304E-06
  0.6250E+00  0.7500E+00  0.2304E-06
  0.6667E+00  0.7500E+00  0.2304E-06
  0.7083E+00  0.7500E+00  0.2325E-06
  0.7500E+00  0.7500E+00  0.4608E-06
  0.7917E+00  0.7500E+00  0.1113E-04
  0.8333E+00  0.7500E+00  0.2898E-03
  0.8750E+00  0.7500E+00  0.4710E-02
  0.9167E+00  0.7500E+00  0.4771E-01
  0.9583E+00  0.7500E+00  0.2924E+00
  0.1000E+01  0.7500E+00  0.1000E+01

  0.0000E+00  0.7917E+00  0.1000E+01
  0.4167E-01  0.7917E+00  0.2924E+00
  0.8333E-01  0.7917E+00  0.4772E-01
  0.1250E+00  0.7917E+00  0.4720E-02
  0.1667E+00  0.7917E+00  0.3005E-03
  0.2083E+00  0.7917E+00  0.2179E-04
  0.2500E+00  0.7917E+00  0.1113E-04
  0.2917E+00  0.7917E+00  0.1090E-04
  0.3333E+00  0.7917E+00  0.1090E-04
  0.3750E+00  0.7917E+00  0.1090E-04
  0.4167E+00  0.7917E+00  0.1090E-04
  0.4583E+00  0.7917E+00  0.1090E-04
  0.5000E+00  0.7917E+00  0.1090E-04
  0.5417E+00  0.7917E+00  0.1090E-04
  0.5833E+00  0.7917E+00  0.1090E-04
  0.6250E+00  0.7917E+00  0.1090E-04
  0.6667E+00  0.7917E+00  0.1090E-04
  0.7083E+00  0.7917E+00  0.1090E-04
  0.7500E+00  0.7917E+00  0.1113E-04
  0.7917E+00  0.7917E+00  0.2179E-04
  0.8333E+00  0.7917E+00  0.3005E-03
  0.8750E+00  0.7917E+00  0.4720E-02
  0.9167E+00  0.7917E+00  0.4772E-01
  0.9583E+00  0.7917E+00  0.2924E+00
  0.1000E+01  0.7917E+00  0.1000E+01

  0.0000E+00  0.8333E+00  0.1000E+01
  0.4167E-01  0.8333E+00  0.2927E+00
  0.8333E-01  0.8333E+00  0.4800E-01
  0.1250E+00  0.8333E+00  0.4999E-02
  0.1667E+00  0.8333E+00  0.5791E-03
  0.2083E+00  0.8333E+00  0.3005E-03
  0.2500E+00  0.8333E+00  0.2898E-03
  0.2917E+00  0.8333E+00  0.2896E-03
  0.3333E+00  0.8333E+00  0.2896E-03
  0.3750E+00  0.8333E+00  0.2896E-03
  0.4167E+00  0.8333E+00  0.2896E-03
  0.4583E+00  0.8333E+00  0.2896E-03
  0.5000E+00  0.8333E+00  0.2896E-03
  0.5417E+00  0.8333E+00  0.2896E-03
  0.5833E+00  0.8333E+00  0.2896E-03
  0.6250E+00  0.8333E+00  0.2896E-03
  0.6667E+00  0.8333E+00  0.2896E-03
  0.7083E+00  0.8333E+00  0.2896E-03
  0.7500E+00  0.8333E+00  0.2898E-03
  0.7917E+00  0.8333E+00  0.3005E-03
  0.8333E+00  0.8333E+00  0.5791E-03
  0.8750E+00  0.8333E+00  0.4999E-02
  0.9167E+00  0.8333E+00  0.4800E-01
  0.9583E+00  0.8333E+00  0.2927E+00
  0.1000E+01  0.8333E+00  0.1000E+01

  0.0000E+00  0.8750E+00  0.1000E+01
  0.4167E-01  0.8750E+00  0.2962E+00
  0.8333E-01  0.8750E+00  0.5233E-01
  0.1250E+00  0.8750E+00  0.9414E-02
  0.1667E+00  0.8750E+00  0.4999E-02
  0.2083E+00  0.8750E+00  0.4720E-02
  0.2500E+00  0.8750E+00  0.4710E-02
  0.2917E+00  0.8750E+00  0.4709E-02
  0.3333E+00  0.8750E+00  0.4709E-02
  0.3750E+00  0.8750E+00  0.4709E-02
  0.4167E+00  0.8750E+00  0.4709E-02
  0.4583E+00  0.8750E+00  0.4709E-02
  0.5000E+00  0.8750E+00  0.4709E-02
  0.5417E+00  0.8750E+00  0.4709E-02
  0.5833E+00  0.8750E+00  0.4709E-02
  0.6250E+00  0.8750E+00  0.4709E-02
  0.6667E+00  0.8750E+00  0.4709E-02
  0.7083E+00  0.8750E+00  0.4709E-02
  0.7500E+00  0.8750E+00  0.4710E-02
  0.7917E+00  0.8750E+00  0.4720E-02
  0.8333E+00  0.8750E+00  0.4999E-02
  0.8750E+00  0.8750E+00  0.9414E-02
  0.9167E+00  0.8750E+00  0.5233E-01
  0.9583E+00  0.8750E+00  0.2962E+00
  0.1000E+01  0.8750E+00  0.1000E+01

  0.0000E+00  0.9167E+00  0.1000E+01
  0.4167E-01  0.9167E+00  0.3285E+00
  0.8333E-01  0.9167E+00  0.9401E-01
  0.1250E+00  0.9167E+00  0.5233E-01
  0.1667E+00  0.9167E+00  0.4800E-01
  0.2083E+00  0.9167E+00  0.4772E-01
  0.2500E+00  0.9167E+00  0.4771E-01
  0.2917E+00  0.9167E+00  0.4771E-01
  0.3333E+00  0.9167E+00  0.4771E-01
  0.3750E+00  0.9167E+00  0.4771E-01
  0.4167E+00  0.9167E+00  0.4771E-01
  0.4583E+00  0.9167E+00  0.4771E-01
  0.5000E+00  0.9167E+00  0.4771E-01
  0.5417E+00  0.9167E+00  0.4771E-01
  0.5833E+00  0.9167E+00  0.4771E-01
  0.6250E+00  0.9167E+00  0.4771E-01
  0.6667E+00  0.9167E+00  0.4771E-01
  0.7083E+00  0.9167E+00  0.4771E-01
  0.7500E+00  0.9167E+00  0.4771E-01
  0.7917E+00  0.9167E+00  0.4772E-01
  0.8333E+00  0.9167E+00  0.4800E-01
  0.8750E+00  0.9167E+00  0.5233E-01
  0.9167E+00  0.9167E+00  0.9401E-01
  0.9583E+00  0.9167E+00  0.3285E+00
  0.1000E+01  0.9167E+00  0.1000E+01

  0.0000E+00  0.9583E+00  0.1000E+01
  0.4167E-01  0.9583E+00  0.5052E+00
  0.8333E-01  0.9583E+00  0.3285E+00
  0.1250E+00  0.9583E+00  0.2962E+00
  0.1667E+00  0.9583E+00  0.2927E+00
  0.2083E+00  0.9583E+00  0.2924E+00
  0.2500E+00  0.9583E+00  0.2924E+00
  0.2917E+00  0.9583E+00  0.2924E+00
  0.3333E+00  0.9583E+00  0.2924E+00
  0.3750E+00  0.9583E+00  0.2924E+00
  0.4167E+00  0.9583E+00  0.2924E+00
  0.4583E+00  0.9583E+00  0.2924E+00
  0.5000E+00  0.9583E+00  0.2924E+00
  0.5417E+00  0.9583E+00  0.2924E+00
  0.5833E+00  0.9583E+00  0.2924E+00
  0.6250E+00  0.9583E+00  0.2924E+00
  0.6667E+00  0.9583E+00  0.2924E+00
  0.7083E+00  0.9583E+00  0.2924E+00
  0.7500E+00  0.9583E+00  0.2924E+00
  0.7917E+00  0.9583E+00  0.2924E+00
  0.8333E+00  0.9583E+00  0.2927E+00
  0.8750E+00  0.9583E+00  0.2962E+00
  0.9167E+00  0.9583E+00  0.3285E+00
  0.9583E+00  0.9583E+00  0.5052E+00
  0.1000E+01  0.9583E+00  0.1000E+01

  0.0000E+00  0.1000E+01  0.1000E+01
  0.4167E-01  0.1000E+01  0.1000E+01
  0.8333E-01  0.1000E+01  0.1000E+01
  0.1250E+00  0.1000E+01  0.1000E+01
  0.1667E+00  0.1000E+01  0.1000E+01
  0.2083E+00  0.1000E+01  0.1000E+01
  0.2500E+00  0.1000E+01  0.1000E+01
  0.2917E+00  0.1000E+01  0.1000E+01
  0.3333E+00  0.1000E+01  0.1000E+01
  0.3750E+00  0.1000E+01  0.1000E+01
  0.4167E+00  0.1000E+01  0.1000E+01
  0.4583E+00  0.1000E+01  0.1000E+01
  0.5000E+00  0.1000E+01  0.1000E+01
  0.5417E+00  0.1000E+01  0.1000E+01
  0.5833E+00  0.1000E+01  0.1000E+01
  0.6250E+00  0.1000E+01  0.1000E+01
  0.6667E+00  0.1000E+01  0.1000E+01
  0.7083E+00  0.1000E+01  0.1000E+01
  0.7500E+00  0.1000E+01  0.1000E+01
  0.7917E+00  0.1000E+01  0.1000E+01
  0.8333E+00  0.1000E+01  0.1000E+01
  0.8750E+00  0.1000E+01  0.1000E+01
  0.9167E+00  0.1000E+01  0.1000E+01
  0.9583E+00  0.1000E+01  0.1000E+01
  0.1000E+01  0.1000E+01  0.1000E+01

